>M08897_2.00
0.2	0.262	0.158	0.38	
0.412	0.068	0.406	0.114	
0.078	0.136	0.748	0.038	
0.028	0.066	0.738	0.168	
0.192	0.034	0.134	0.64	
0.022	0.838	0.064	0.076	
0.046	0.368	0.01	0.576	
0.002	0.856	0.06	0.082	
0.008	0.006	0.004	0.982	
0.968	0.01	0.01	0.012	
0.77	0.04	0.018	0.172	
0.056	0.712	0.158	0.074	
0.106	0.448	0.048	0.398	
0.132	0.278	0.12	0.47	
