>M10138_2.00
0.166666666666667	0.222222222222222	0.333333333333333	0.277777777777778	
0.388888888888889	0.277777777777778	0.277777777777778	0.0555555555555556	
0.333333333333333	0.166666666666667	0.166666666666667	0.333333333333333	
0.166666666666667	0.388888888888889	0.277777777777778	0.166666666666667	
0.333333333333333	0.111111111111111	0.222222222222222	0.333333333333333	
0.0555555555555556	0.722222222222222	0.0555555555555556	0.166666666666667	
0.0	1.0	0.0	0.0	
0.944444444444444	0.0555555555555556	0.0	0.0	
0.0	0.0	0.111111111111111	0.888888888888889	
0.277777777777778	0.166666666666667	0.166666666666667	0.388888888888889	
0.0555555555555556	0.111111111111111	0.111111111111111	0.722222222222222	
0.333333333333333	0.111111111111111	0.0555555555555556	0.5	
0.166666666666667	0.222222222222222	0.277777777777778	0.333333333333333	
0.222222222222222	0.222222222222222	0.333333333333333	0.222222222222222	
0.333333333333333	0.222222222222222	0.333333333333333	0.111111111111111	
0.5	0.111111111111111	0.111111111111111	0.277777777777778	
0.166666666666667	0.333333333333333	0.277777777777778	0.222222222222222	
